  0.86 10.57  7.43  4.00  4.86  8.57  0.57  6.29  5.71  8.57
  1.43  7.14  7.14  8.86  1.43 10.00  8.86  2.86  0.29  0.57
  4.29  3.43  7.43  0.29  7.43  9.14  4.86  5.71  9.71  6.00
  3.71  8.00  7.71  6.86  2.00  0.00  4.86  0.86  3.14  4.00
  3.71  6.57  2.86  2.57  0.86  8.00  4.86 10.00  5.43  8.00
  3.14  5.14  5.71  0.29  3.14  4.29  6.00  3.71  4.86  5.14
  1.14  9.43 10.29  5.14  6.29  2.86  9.71  3.43 10.29  0.00
  2.86  4.86  1.71  0.86  3.43 10.29  9.71  4.86 10.00  4.00
  6.00  2.00  8.57  1.14  6.29  6.29  7.43  1.14  6.57  3.43
  9.71  7.14  0.57 10.57  7.71  8.57  1.71  8.57  4.29  3.14
  2.00  8.86  0.86  5.14  5.14  3.43  8.86  7.43  5.43  1.14
  1.43  4.86  5.71  9.71  0.00  4.29  7.14  8.86  1.43  5.71
  2.29  8.00  0.86  4.57  3.14  8.29  5.43  9.14  0.86  1.71
  8.00  2.86  8.86  7.43  5.71  2.86  6.57  5.43  9.43  3.71
  8.29  3.71  3.71  2.57  3.14  4.86  6.57  8.57  4.29  1.71
  0.00  5.14  9.14  9.71 10.00  6.29  7.43  7.14  8.00  6.00
  1.71  3.71 10.29  4.86  0.57  6.57  2.00  3.71  8.57  8.57
  8.86  5.14  7.43  0.00 10.29  1.43  7.43  5.43  6.29  3.43
 10.00  6.29  4.29  6.57  2.29  2.29  6.29  7.43  0.29  3.14
  1.14 10.00  6.86  7.14  6.57  7.71  6.29  1.43  3.71  4.00
  6.00  4.57  3.14  2.57  1.14  1.43  7.71  4.57 10.29  4.86
  8.57  7.43  8.57  1.43  4.86  6.29  0.86  0.86  4.29  4.86
  2.57  8.29  4.57  0.86  0.00  1.71  1.71  1.71  6.29 10.29
  4.57  1.43  5.43  3.43  0.86  7.14  8.00  6.86  9.14  5.14
  9.71  3.14  7.43  4.86  4.57 10.00  4.86  3.43  1.14 10.00
  4.00  3.43  8.00  8.29 10.29 10.29  8.00  6.29  7.71  2.57
  0.29  0.57  5.14  2.86  8.86  0.57  6.86  8.86  7.71 10.57
  6.57  4.00  0.00  8.86  6.00  9.71  4.57  0.57  7.71  0.86
  0.29  5.71  7.14  6.57  4.86  2.00  6.86  6.00  4.00  7.14
  9.14  0.00  0.86  2.00  8.00  0.00  7.71  7.43  9.43  3.71
  7.43  4.86  3.43  0.57  8.86  8.29  4.00  5.43  8.86  3.43
  3.14  2.86  5.71  8.29  7.71 10.00  4.29  1.14  1.43  7.71
  4.29  9.43  8.57  8.29  0.86  4.29  8.29  2.86  4.00  8.86
  4.57  5.14  8.29  2.29  7.43 10.00  1.14 10.57  2.86  7.71
  5.43 10.00  7.14  7.71  0.00  4.57  2.29  2.00  5.43  4.57
  3.14  7.43  2.86  4.00  7.14  0.57  4.57  1.71  6.57  9.43
  7.14  1.71  0.29  4.57 10.29 10.57  9.71  8.29  0.29 10.29
  2.86  6.29  9.43  4.29  0.00  8.29  8.00  4.57  0.57  9.71
  4.29  7.14  6.29  5.43  5.14  4.29  8.29  1.71  1.14  6.29
 10.29  9.71  4.00  5.43  4.29  7.43  0.29  7.14  9.14  2.00
  7.71  2.29  4.29  2.29  4.57  0.29  6.86  1.71  8.29  7.71
  4.00  9.43  3.71  0.86  6.57  6.86  0.86  8.00  7.71  2.00
  9.43  9.71  7.14  1.43  0.29 10.00  5.14  8.00  2.29  3.43
  8.57  9.71 10.00  0.00  8.86  1.14  5.71  6.86  2.00  4.29
  7.71  9.71  2.86  8.86  7.71  2.86  7.43  4.00 10.00  0.57
  3.71 10.00  4.00  9.71  2.86  1.71  1.43  2.29  1.14  6.00
  7.14  6.86  8.57  0.57  8.29  2.86  7.43 10.57  4.00  7.43
  1.14  2.00  6.29  6.57  0.00  4.86 10.00  9.71  5.71  4.86
  4.57  6.86  0.29  8.29  3.71  9.71  0.86  4.29  1.43  2.29
  0.29  5.71  6.86  8.00  2.57  2.86  3.71 10.57  3.14 10.00
  2.86  4.00  2.29  6.29  4.00  9.71  4.86  8.29  7.71  3.14
  7.14  3.43 10.29  8.00  4.57  7.71  0.00  7.71  1.14 10.00
  1.71  1.43  9.71  6.29  1.43  3.14  0.29  6.29  8.00  4.86
  6.57  8.57  4.29  1.71  4.86  4.57  6.57  8.29  0.86  3.43
  5.71  2.29 10.00  6.86  7.14  1.14  7.71  4.00  8.29  5.14
  8.57  4.00  3.71  2.00 10.29 10.29  8.57  2.57  4.00  5.43
  0.29  4.29  1.43  7.14  4.00  7.43  4.29  1.14  7.14  0.00
  9.43  7.14  7.71 10.57  6.57  1.43  6.57  0.57  8.00  7.14
  2.00  4.00  3.43  5.14  1.14  6.86  7.14  1.43 10.29 10.57
  6.57  3.71 10.57  2.00 10.00  2.86  0.29  5.14  5.43  7.43
  1.14  3.71  4.86 10.00  7.71  0.86  8.29  2.86  8.57  4.00
  1.43  4.29  6.86  9.14  3.14  4.29  9.43  1.14  0.86  2.86
  2.29  4.86  8.57  4.86  2.29  6.29 10.00  9.71  3.14 10.00
  5.43  0.86  9.14  6.86  6.57  6.00  5.14 10.29  1.14  3.71
  6.86  5.43  2.29  0.86  0.29  2.29  3.43  0.57  8.29 10.29
  8.57  8.29  6.00  1.43  4.00  0.57  9.43  4.00  0.86  1.43
 10.29  6.00  3.14  2.86  8.86  7.43  1.14  2.86  8.86  5.43
  5.71  1.43  9.14  6.00  0.86  8.29  7.14  3.43  9.14  8.86
  8.86  8.57  7.14  3.14  2.00  4.29  6.57  1.14 10.00  8.00
  1.43 10.00 10.57  5.43  1.43  4.00  6.29  4.29  6.29  7.71
  2.86  5.14  6.00  5.14  1.43  4.00  9.14  1.14  4.86  6.00
  0.00  2.57  4.86  4.29  1.71  2.00  1.14  4.86  4.29  0.00
  1.14  1.71  5.43  3.71  8.29  4.57  3.43 10.29  8.00  3.14
 10.00  5.43 10.57  6.29  2.29 10.57  5.14  1.71  2.00  1.14
 10.57  4.86 10.57  6.29  8.00  5.71  6.00  6.86  2.00  0.29
  4.86  6.29  4.29  9.71  7.71  2.86  2.29  4.57  7.14  3.71
  1.14  0.00  5.71  2.00  9.14  2.57  9.43  0.86  6.00  8.86
  2.86  7.71  8.86  4.86  8.00 10.00  0.29 10.29  4.86  6.00
  7.71  4.29  9.43  2.00  8.57  5.14  0.00  7.43  4.86  2.86
  2.86  7.43  2.86  1.71  2.00 10.57 10.29  2.29  7.43  3.14
  4.00 10.00  6.57  0.57  6.57  2.29  3.14  4.86  4.00  4.57
  3.14  4.29  9.43  8.00  1.14  6.00  6.86  2.29  7.71  3.14
  7.14  8.86  4.29  9.71  0.57  4.29  8.00  2.86  5.43  4.29
  8.57 10.29  6.29  8.57  5.71  4.00  8.29  9.43  8.00  4.86
  8.57  5.71  9.43 10.00 10.00  0.00  8.57  9.43  9.71  8.00
  2.86  0.57  9.71  5.71  0.00  7.14  0.29  8.29  8.00  5.43
  9.43 10.00  9.43  1.71  1.71  4.57  0.00  3.43  7.14  4.86
  6.29  0.00  6.86  1.14  0.86  5.71  0.29  8.00  2.00  1.71
  9.71  8.00  1.43  9.43  4.29  3.43  4.57  8.00  0.00  6.86
  9.71  7.14  3.14  7.43  2.57  8.00  0.86  1.43  1.71  7.71
  7.71  5.71  8.00  3.14  2.29  4.57  1.71  2.00  8.86  7.71
  0.57  1.43  2.29  2.57  8.86  6.00  5.43  4.29  5.14  1.14
  1.43  1.43  2.86  0.86  8.57  2.86 10.57  7.43 10.00  0.57
  1.71  1.43  2.00  9.43  9.43 10.57  2.57  7.71  5.71  9.14
  7.14  1.71  8.86  7.71  2.00  7.14  4.00 10.57  0.57  8.00
  0.00  4.57  3.14  0.00  3.43 10.29  5.71  6.57 10.00  1.43
  7.71  2.00  2.86  5.71  2.00  8.00 10.57  1.71  3.43 10.57
  2.00  4.00  6.00  5.71  3.71  2.00  8.00  8.00  0.57  5.14
  4.86  6.57  2.86  2.00  2.57  8.29  2.57  2.00  5.71  0.29
  6.86  3.14 10.29  4.00  0.86  5.43  3.43  6.29  2.29  3.71